Webots Project File version R2025a
perspectives: 000000ff00000000fd00000002000000010000030b000002b1fc0200000001fb0000001400540065007800740045006400690074006f00720100000019000002b10000008900ffffff000000030000078000000136fc0100000001fb0000001a0043006f006e0073006f006c00650041006c006c0041006c006c0100000000000007800000006900ffffff00000473000002b100000001000000020000000100000008fc00000000
simulationViewPerspectives: 000000ff0000000100000002000000fc000003750100000002010000000100
sceneTreePerspectives: 000000ff000000010000000300000022000000c0000000fa0100000002010000000200
minimizedPerspectives: 000000ff00000000fd00000002000000010000007500000303fc0200000001fb0000001400540065007800740045006400690074006f00720000000019000003030000004000ffffff0000000300000780000000a0fc0100000001fb0000001a0043006f006e0073006f006c00650041006c006c0041006c006c0100000000000007800000006900ffffff000007800000034700000001000000020000000100000008fc00000000
maximizedDockId: -1
centralWidgetVisible: 1
orthographicViewHeight: 1
textFiles: 0 "controllers/snapnao/snapnao.py"
consoles: Console:All:All
renderingDevicePerspectives: NAO:CameraBottom;1;0.619608;0.00271371;0
renderingDevicePerspectives: NAO:CameraTop;1;0.611765;0.168316;0
renderingDevicePerspectives: NAO:chest_display;1;0.876968;0.706215;0
