Webots Project File version R2025a
perspectives: 000000ff00000000fd0000000200000001000002f5000002d1fc0200000001fb0000001400540065007800740045006400690074006f00720100000019000002d10000008a00ffffff000000030000078000000116fc0100000001fb0000001a0043006f006e0073006f006c00650041006c006c0041006c006c0100000000000007800000006900ffffff00000489000002d100000001000000020000000100000008fc00000000
simulationViewPerspectives: 000000ff000000010000000200000110000001990100000002010000000100
sceneTreePerspectives: 000000ff000000010000000300000022000000c0000000000100000002010000000200
minimizedPerspectives: 000000ff00000000fd00000002000000010000007500000303fc0200000001fb0000001400540065007800740045006400690074006f00720000000019000003030000004000ffffff0000000300000780000000a0fc0100000001fb0000001a0043006f006e0073006f006c00650041006c006c0041006c006c0100000000000007800000006900ffffff000007800000034700000001000000020000000100000008fc00000000
maximizedDockId: -1
centralWidgetVisible: 1
orthographicViewHeight: 1
textFiles: 1 "controllers/nao_demo_python/nao_demo_python.py" "controllers/stylr_transfer.py"
consoles: Console:All:All
renderingDevicePerspectives: NAO:CameraBottom;1;0.847059;0.133253;0.00229885
renderingDevicePerspectives: NAO:CameraTop;1;0.875;0;0
renderingDevicePerspectives: NAO:chest_display;1;1.89166;0.571215;0.00909091
